0
132.33498805495242
124.8273034138096
112.53684707835669
100.4000693004449
89.05081578848848
78.88206650426832
69.74229767101775
61.11635764752009
54.54677099399157
49.170323717018334
44.64704412382645
41.331580456071265
38.19601625186476
35.89141158389549
33.372328296717455
31.481171173466805
29.610404099139828
28.541046101423717
27.03454724021799
25.973191113162898
24.473827312957553
23.859426406693387
22.88602579767729
21.995704285019315
21.251644857597284
20.62266750768117
20.089775224546827
19.37909758422444
19.054910429521158
18.614722726634227
18.155207993875194
17.725969553309596
16.74993603721225
16.872971623126773
16.186196024409696
16.23243429908314
15.899596274775831
15.483945278711815
14.870461328117926
15.055293912659465
14.55509105322625
14.450859903293576
14.25814965674192
13.665150613636229
13.675936876585638
13.882169315387955
13.248003091223666
13.250310700917623
12.813153381068048
12.595984588079205
12.451102383966543
12.686966658697145
12.400262514790143
12.527134595434177
12.27673346549102
12.277547986380625
12.134887826056513
11.846770329523451
11.523307640262999
11.629525883421024
11.222589985403602
11.101843096214395
11.090700690385518
11.167123539022043
10.564521641074691
10.697411676262846
10.728624401032107
10.896070804331657
10.368909385953543
10.38487350278325
9.986235033109324
10.206571376822637
10.337822100747701
9.935953154782055
10.128344519414213
9.878208985257686
9.829503707903882
9.927451972381675
9.550431337951693
9.549019345092574
9.6301094615647
9.32573716496853
9.443662688334143
9.20748577912434
9.405942325458966
9.09268171400845
9.090231307719364
9.028643846886098
8.54613955511752
8.75088959366974
9.243424356248056
8.913316139187316
8.83445739438497
9.342725411757783
8.988378282337976
8.677614155816627
8.028294867307295
9.27722631344119
8.369463580232491
7.922106991772978
8.747252985101227
8.763823473182242
7.741429626875913
8.403900290531283
8.024493974938878
8.742166531052419
8.472912271580185
7.728926537414395
8.298670951246152
8.170958768290177
8.11425589332407
7.662664675387305
8.065980047165851
7.741395208875588
7.222237279491878
7.9721292102722146
7.947813967001196
7.003035877394041
7.278074800642287
7.590389198542141
7.344818661103147
7.840972492503056
7.411010673664407
7.530387832037775
6.935166807498717
7.629245868054454
7.389535883350334
6.997254486108147
7.349299952979891
7.184602780567275
6.449878045958201
6.739506222544378
6.957972527507081
6.5415907971593015
7.267899198259215
6.802695453692365
7.069888659184471
6.585417750866043
6.787377557643879
6.277417747609434
6.585801772185107
7.088082473047962
6.774864647581126
6.467270522607521
6.484068120423899
6.532747723896193
5.940522344281874
6.449134103770177
6.013756385595229
6.1577304609139105
6.173490349118367
6.47862027853364
6.545927717852635
5.680950845959387
6.611865216244041
5.587458181779425
6.13069942876939
5.473256835741779
6.4233933668095915
6.004492384935304
6.137131581854135
6.619391520837382
5.450238242760577
6.06686501851965
6.177955310013033
5.585903381504295
6.555589311692245
5.451522919496881
5.732090083081346
5.8680481630480585
5.329283649179445
6.079042728782895
5.1078760854650795
6.200630699477472
5.329565169843534
5.397611891840427
5.108008877368036
6.120199102687593
5.0022920281299434
5.238640527059147
5.612789684547693
5.574909340170393
4.043801535644036
4.708311952102861
5.144966616586487
5.436558170954356
5.119929544616298
4.512649500618977
4.895367900425526
4.876780424517278
4.48853663259365
5.2427491999161475
4.22746934565231
4.933871905936883
4.173350168118816
4.801705854177158
4.704962436059361
4.42853850696747
3.919547536220989
3.669912279636378
4.11153821302463
4.70625723486512
4.098891153961745
4.020013406994508
4.325141535968612
4.552965627802678
3.885815176550068
3.483591965272467
4.163160471089043
4.1964928783690425
3.53244622663982
3.7715948464455664
3.8586601221338697
3.3595716739302475
3.8243109925911654
3.419546025546822
3.1806086480564204
3.5942699869913213
4.041994912713108
3.957936014900554
3.58253591864883
3.0887746746435596
4.077887285752524
3.1037359220439384
3.8029922826969482
3.365234039822326
3.000024304437545
2.8509131067489193
3.2220198605893984
3.4541333014750535
3.5556410078782505
2.4335066629191715
3.098460607158927
2.4835219321042814
3.2598468563070924
2.668429919803657
2.835537443244675
3.241970588895583
3.055697470187681
2.604332394556934
3.0193347005376836
3.065908565427435
2.873703337093275
2.0114484049363455
2.5494083227751503
2.3830964112276547
2.665488665503915
2.1238404515793263
2.6878711497656127
2.7780628691514266
2.8343741890665797
2.091302955332992
2.7538198594481855
2.6837257218936656
2.4339399728843887
2.2329447019390614
2.281746898841675
3.3826756219086747
2.503888338520426
2.317812700485433
1.956848944920182
1.9524920465396463
1.6350557440231341
1.5599795772272955
2.2897016761824034
1.1792893548133065
1.2015489888332809
2.5724041131710464
1.5488420702185977
2.738684346490402
1.2304229114580494
1.8464588427245303
2.5748658229874195
1.5121581457600541
1.4386863147790905
1.0669674417834472
2.434115994584431
2.067716212089465
0.8393359190317824
1.6688985657688136
0.8708256392159228
1.9019690138348437
0.8198688427438583
1.6205037752494036
1.4990607996077188
2.1515565438730846
1.2709738149682153
2.2147899757486584
0.7059216536054009
1.230969602506832
1.1767413303088574
0.4020729897792421
1.8036639553953364
1.6554477991639942
1.124077857867178
0.7625301475767401
0.5983059699854039
0.5442764479503808
0.08398626131963738
1.4230976651646756
0.9208608717926836
1.2477704114592711
1.5389766346738725
1.6381563262195868
1.3123671759036597
0.806373520734553
1.2566185721212264
1.62143598822297
0.7015896850471108
0.5494790779565619
0.9327484365446708
1.578372544770673
0.16601246032973904
0.19499685065568428
1.3564584423236283
1.1266155951509518
3.1884508308562545
1.1905627729000798
0.512378235674646
1.186078092838784
1.6075187457385596
0.3379558405016496
0.41112213496825234
0.32506636098054287
0.11777882975235343
0.8280688380878587
0.25113632104108774
2.0212850811935255
0.15983941259133871
1.0848759328189885
1.1466615126506667
0.7619811913588137
2.6916106746813853
0.8048307255309055
1.9977375943889228
0.5346132704268598
0.08808556023780056
0.19147356638143265
2.8156720046924306
0.0732276560555647
0.8122562974620564
1.8102144328850613
1.807671999308866
1.4715109653976697
0.23264886513504734
0.005313136045458577
0.6630100281397517
2.1246459179613453
0.3670616663867463
0.33111372503702796
4.0075074866157365
0.07520361374389495
1.6307488032195465
0.3973495192785208
0.7638342291020308
0.17780366784973012
0.11714474190512192
0.3917050850839132
0.3374253381616654
0.6065380320908957
0.5782650680849315
0.39380562245850115
0.3172247198751279
0.24905154785398054
1.38864866610146
0.16467331378748895
0.26109975010319886
0.10309708946005003
0.42249741227908544
3.67935016635289
2.3229223095187876
6.097930734056888
0.33362735488066164
0.3910242820140297
7.111791112640049
0.4298190632827641
0.6575125323278712
0.32805774982927005
0.16785987299033422
0.25337936629904334
0.9382035792654051
0.31535005329334354
0.17916257656747803
0.22894810220338968
0.6848651424296008
0.2391306647126612
0.06607620898500954
0.21839373340372958
0.08477606510427904
0.23815695458335995
0.07445012137225149
0.259195414342571
-0.11778516538265649
-0.055752886327866236
0.3623592631481074
0.06441884851807345
0.5288517371142234
0.6691113734932514
0.655984248098946
-0.014070858246725493
1.8311934334655575
0.08329004927315964
-0.0386417201927145
-0.16057348965858864
-0.13650537178784816
-0.11243725391710768
-0.18065018565724245
-0.2488631173973772
-0.21048264817568452
-0.026449407730297025
0.15758383271509047
0.34161707316047796
0.21028475147437575
0.010950949836114887
-0.18838285180214598
-0.1291122359652661
-0.06984162012838624
-0.01057100429150637
0.0486996115453735
-0.0030413401373380125
-0.054782291820049525
-0.10652324350276104
-0.15826419518547255
-0.21000514686818406
-0.11854668584470573
-0.11176533617652597
-0.1049839865083462
-0.09820263684016645
-0.09142128717198666
-0.08463993750380691
-0.07785858783562714
-0.07107723816744738
-0.0646156710613158
-0.058154103955184215
-0.05169253684905264
-0.045230969742921054
-0.03876940263678948
-0.0323078355306579
-0.025846268424526316
-0.01938470131839474
-0.012923134212263161
-0.006461567106131577
0.0
0.0
0.0
0.0
0.0
0.0
0.0
0.0
0.0
0.0
0.0
0.0
0.0
0.0
0.0
0.0
0.0
0.0
0.0
0.0
0.0
0.0
0.0
0.0
0.0
0.0
0.0
0.0
0.0
0.0
0.0
0.0
0.0
0.0
0.0
0.0
0.0
0.0
0.0
0.0
0.0
0.0
0.0
0.0
0.0
0.0
0.0
0.0
0.0
0.0
0.0
0.0
0.0
0.0
0.0
0.0
0.0
0.0
0.0
0.0
0.0
0.0
0.0
0.0
0.0
0.0
0.0
0.0
0.0
0.0
0.0
0.0
0.0
0.0
0.0
0.0
0.0
0.0
0.0
0.0
0.0
0.0
0.0
0.0
0.0
0.0
0.0
0.0
0.0
0.0
0.0
0.0
0.0
0.0
0.0
0.0
0.0
0.0
0.0
0.0
0.0
0.0
0.0
0.0
0.0
0.0
0.0
0.0
0.0
0.0
0.0
0.0
0.0
0.0
0.0
0.0
0.0
0.0
0.0
0.0
0.0
0.0
0.0
0.0
0.0
0.0
0.0
0.0
0.0
0.0
0.0
0.0
0.0
0.0
0.0
0.0
0.0
0.0
0.0
0.0
0.0
0.0
0.0
0.0
0.0
0.0
0.0
0.0
0.0
0.0
0.0
0.0
0.0
0.0
0.0
0.0
0.0
0.0
0.0
0.0
0.0
0.0
0.0
0.0
0.0
0.0
0.0
0.0
0.0
0.0
0.0
0.0
0.0
0.0
0.0
0.0
0.0
0.0
0.0
0.0
0.0
0.0
0.0
0.0
0.0
0.0
0.0
0.0
0.0
0.0
0.0
0.0
0.0
0.0
0.0
0.0
0.0
0.0
0.0
0.0
0.0
0.0
0.0
0.0
0.0
0.0
0.0
0.0
0.0
0.0
0.0
0.0
0.0
0.0
0.0
0.0
0.0
0.0
0.0
0.0
0.0
0.0
0.0
0.0
0.0
0.0
0.0
0.0
0.0
0.0
0.0
0.0
0.0
0.0
0.0
0.0
0.0
0.0
0.0
0.0
0.0
0.0
0.0
0.0
0.0
0.0
0.0
0.0
0.0
0.0
0.0
0.0
0.0
0.0
0.0
0.0
0.0
0.0
0.0
0.0
0.0
0.0
0.0
0.0
0.0
0.0
0.0
0.0
0.0
0.0
0.0
0.0
0.0
0.0
0.0
0.0
0.0
0.0
0.0
0.0
0.0
0.0
0.0
0.0
0.0
0.0
0.0
0.0
0.0
0.0
0.0
0.0
0.0
0.0
0.0
0.0
0.0
0.0
0.0
0.0
0.0
0.0
0.0
0.0
0.0
0.0
0.0
0.0
0.0
0.0
0.0
0.0
0.0
0.0
0.0
0.0
0.0
0.0
0.0
0.0
0.0
0.0
0.0
0.0
0.0
0.0
0.0
0.0
0.0
0.0
0.0
0.0
0.0
0.0
0.0
0.0
0.0
0.0
0.0
0.0
0.0
0.0
0.0
0.0
0.0
0.0
0.0
0.0
0.0
0.0
0.0
0.0
0.0
0.0
0.0
0.0
0.0
0.0
0.0
0.0
0.0
0.0
0.0
0.0
0.0
0.0
0.0
0.0
0.0
0.0
0.0
0.0
0.0
0.0
0.0
0.0
0.0
0.0
0.0
0.0
0.0
0.0
0.0
0.0
0.0
0.0
0.0
0.0
0.0
0.0
0.0
0.0
0.0
0.0
0.0
0.0
0.0
0.0
0.0
0.0
0.0
0.0
0.0
0.0
0.0
0.0
0.0
0.0
0.0
0.0
0.0
0.0
0.0
0.0
0.0
0.0
0.0
0.0
0.0
0.0
0.0
0.0
0.0
0.0
0.0
0.0
0.0
0.0
0.0
0.0
0.0
0.0
0.0
0.0
0.0
0.0
0.0
0.0
0.0
0.0
0.0
0.0
0.0
0.0
0.0
0.0
0.0
0.0
0.0
0.0
0.0
0.0
0.0
0.0
0.0
0.0
0.0
0.0
0.0
0.0
0.0
0.0
0.0
0.0
0.0
0.0
0.0
0.0
0.0
0.0
0.0
0.0
0.0
0.0
0.0
0.0
0.0
0.0
0.0
0.0
0.0
0.0
0.0
0.0
0.0
0.0
0.0
0.0
0.0
0.0
0.0
0.0
0.0
0.0
0.0
0.0
0.0
0.0
0.0
0.0
0.0
0.0
0.0
0.0
0.0
0.0
0.0
0.0
0.0
0.0
0.0
0.0
0.0
0.0
0.0
0.0
0.0
0.0
0.0
0.0
0.0
0.0
0.0
0.0
0.0
0.0
0.0
0.0
0.0
0.0
0.0
0.0
0.0
0.0
0.0
0.0
0.0
0.0
0.0
0.0
0.0
0.0
0.0
0.0
0.0
0.0
0.0
0.0
0.0
0.0
0.0
0.0
0.0
0.0
0.0
0.0
0.0
